-2.77458958e+02
-2.77455775e+02
-2.77436999e+02
-2.77433815e+02
-2.06756924e+01
-2.06706085e+01
-1.58478846e+01
-1.58425512e+01
-1.28055828e+01
-1.27998415e+01
-1.14443550e+01
-1.14393351e+01
-9.82887923e+00
-9.82330362e+00
-7.49523399e+00
-7.38396142e+00
-3.43560718e-01
-6.52932712e-02
4.68242110e-01
7.04566064e-01
9.88518369e-01
1.10076263e+00
1.24545343e+00
1.61332731e+00
2.05809078e+00
2.20128988e+00
2.22943789e+00
2.61529968e+00
2.71611736e+00
3.15138089e+00
3.59677212e+00
4.15866949e+00
4.29809360e+00
4.61147746e+00
4.72021556e+00
5.16584897e+00
5.39746067e+00
6.52156507e+00
7.28643170e+00
8.30534419e+00
9.29203186e+00
9.45938575e+00
9.57289918e+00
9.96358190e+00
1.57268097e+01
1.60688300e+01
1.79284582e+01
1.80749181e+01
1.85897678e+01
1.92677182e+01
1.98202410e+01
1.99461198e+01
2.07495510e+01
2.11783803e+01
2.28956531e+01
2.34978356e+01
2.44475100e+01
2.47513587e+01
2.53974095e+01
2.58156408e+01
2.61626726e+01
2.71979971e+01
2.84393293e+01
2.95164407e+01
3.17739661e+01
3.18930759e+01
3.32499939e+01
3.32647207e+01
3.94594222e+01
3.94992189e+01
4.19436784e+01
4.19572461e+01
4.94934395e+01
4.94988708e+01
5.13690611e+01
5.13770177e+01
5.44782135e+01
5.44964451e+01
5.74260893e+01
5.74524599e+01
6.24964649e+01
6.25737208e+01
6.45614316e+01
6.46064474e+01
7.25759388e+01
7.25875771e+01
7.35058801e+01
7.37420505e+01
1.12035957e+02
1.12208387e+02
1.15727175e+02
1.15798517e+02
